   9.3091723141939227        0.0000000000000000        0.0000000000000000        0.0000000000000000        0.0000000000000000        0.0000000000000000        0.0000000000000000        0.0000000000000000        0.0000000000000000        0.0000000000000000        0.0000000000000000        0.0000000000000000        0.0000000000000000     
   9.3625629834617818        0.0000000000000000        0.0000000000000000        0.0000000000000000        0.0000000000000000        0.0000000000000000        0.0000000000000000        0.0000000000000000        0.0000000000000000        0.0000000000000000        0.0000000000000000        0.0000000000000000        0.0000000000000000     
   9.4159536527296428        0.0000000000000000        0.0000000000000000        0.0000000000000000        0.0000000000000000        0.0000000000000000        0.0000000000000000        0.0000000000000000        0.0000000000000000        0.0000000000000000        0.0000000000000000        0.0000000000000000        0.0000000000000000     
   9.4693443219975020        0.0000000000000000        0.0000000000000000        0.0000000000000000        0.0000000000000000        0.0000000000000000        0.0000000000000000        0.0000000000000000        0.0000000000000000        0.0000000000000000        0.0000000000000000        0.0000000000000000        0.0000000000000000     
   9.5227349912653612        0.0000000000000000        0.0000000000000000        0.0000000000000000        0.0000000000000000        0.0000000000000000        0.0000000000000000        0.0000000000000000        0.0000000000000000        0.0000000000000000        0.0000000000000000        0.0000000000000000        0.0000000000000000     
   9.5761256605332203        0.0000000000000000        0.0000000000000000        0.0000000000000000        0.0000000000000000        0.0000000000000000        0.0000000000000000        0.0000000000000000        0.0000000000000000        0.0000000000000000        0.0000000000000000        0.0000000000000000        0.0000000000000000     
   9.6295163298010813        0.0000000000000000        0.0000000000000000        0.0000000000000000        0.0000000000000000        0.0000000000000000        0.0000000000000000        0.0000000000000000        0.0000000000000000        0.0000000000000000        0.0000000000000000        0.0000000000000000        0.0000000000000000     
   9.6829069990689405        0.0000000000000000        0.0000000000000000        0.0000000000000000        0.0000000000000000        0.0000000000000000        0.0000000000000000        0.0000000000000000        0.0000000000000000        0.0000000000000000        0.0000000000000000        0.0000000000000000        0.0000000000000000     
   9.7362976683367997       0.33977078425726570       1.94733619713566915E-005  1.36620180796473575E-003  1.36339098673019053E-003  0.33702167059209964       4.75085004400553460E-008  1.81405895691609600E-002  1.03969582854601997E-006  7.29424288821970708E-005  7.27923572552923966E-005  1.79938125506843259E-002  2.53651063440695823E-009
   9.7896883376046588       0.38224213228942389       2.32530871920509370E-004  6.12290038936877216E-003  6.11385845760409243E-003  0.36977200356721890       8.39003312630194927E-007  3.85487528344670358E-002  1.34546747058209631E-005  3.99848178531034097E-004  3.99215352115738875E-004  3.77361872976555157E-002  4.73314590136843263E-008
   9.8430790068725198       0.38224213228942389       6.99294349759826831E-004  1.06118715932508028E-002  1.06115400645171044E-002  0.36031461363304718       4.81264884986949451E-006  5.89569160997731115E-002  5.07904680547308307E-005  9.66423105079282298E-004  9.65772578123013379E-004  5.69736256665141633E-002  3.04282002059411505E-007
   9.8964696761403790       0.46718482835374026       1.27496102882338792E-003  1.84694072571367635E-002  1.84709136362294600E-002  0.42895618623825676       1.33601932952202272E-005  8.39002267573694255E-002  1.18861490674050381E-004  1.95251711951847755E-003  1.95194701915013882E-003  7.98758835363633235E-002  1.01759166363919027E-006
   9.9498603454082382       0.50965617638589866       2.99155397879501779E-003  2.74331829644347963E-002  2.74312131945473291E-002  0.45175113781929199       4.90884288303931128E-005  0.11111111111111087       2.78582559752844753E-004  3.41719311813729661E-003  3.41651785043636238E-003  0.10399517912705242       3.63845573220157427E-006
   10.003251014676097       0.55212752441805801       6.09768225090963172E-003  3.93848888483128434E-002  3.93775140808231838E-002  0.46716962448639610       9.78147516161261314E-005  0.14058956916099749       6.04141896111658715E-004  5.51997869278898073E-003  5.51890968131607887E-003  0.12893767803999576       8.86085078525600198E-006
   10.056641683943958       0.59459887245021736       9.78461760500947374E-003  5.32631024183921192E-002  5.32696474614894819E-002  0.47800226958245479       2.79235382870020267E-004  0.17233560090702929       1.12654917857319629E-003  8.36373137818948939E-003  8.36301181094794080E-003  0.15445853912455887       2.37694147599534081E-005
   10.110032353211817       0.55212752441805801       1.14039599487648132E-002  5.84354871292797826E-002  5.84427340117580005E-002  0.42325897117496986       5.86372153285383019E-004  0.20181405895691593       1.73541423254161596E-003  1.14836411450151346E-002  1.14833084936792028E-002  0.17705661886921623       5.50762164638959810E-005
   10.163423022479677       0.93436965670749217       3.28836349430212602E-002  0.13218496396450938       0.13231653667839186       0.63447437087866831       2.51015024289180308E-003  0.25170068027210918       3.49109351010949611E-003  1.85410848382281980E-002  1.85477769421438406E-002  0.21093163016373251       1.89094817894769736E-004
   10.216813691747536        1.5896418834893469       9.07886673270001110E-002  0.40742414143447359       0.40603801120911065       0.67529106967774599       1.00999938410234538E-002  0.33657272432782637       8.33836122063509252E-003  4.02937324252978374E-002  4.02264181087889500E-002  0.24698587232443620       7.28340248668272127E-004
   10.270204361015397        1.6341356766658923       0.11645467344564726       0.47470711382644898       0.47473957648528509       0.53786888106171205       3.03654318468071401E-002  0.42382032177950502       1.45559541752682403E-002  6.56386629387059606E-002  6.55730818252785591E-002  0.27570305186267580       2.34957097757688407E-003
   10.323595030283256        1.4622278393928758       8.63867459900073409E-002  0.42656350832899154       0.42736926625053356       0.47973827469389246       4.21700441294542774E-002  0.50188964474678699       1.91682003595473188E-002  8.84131741336370292E-002  8.83906129749086333E-002  0.30131659942199102       4.60105785670362338E-003
   10.376985699551115        1.4824522908367601       0.27899653032503641       0.31555377667409557       0.31610171667235526       0.51989581960082254       5.19044475644530878E-002  0.58103876471223326       3.40640118370117082E-002  0.10526080146026770       0.10526749518476503       0.32907418518004133       7.37227105014830013E-003
   10.430376368818974       0.88380852809777866       0.17264217352604627       0.21056798337618712       0.21278971357019549       0.24747932262707081       4.03293349982705995E-002  0.62822589353201552       4.32814930254252772E-002  0.11650316701910587       0.11662848040559391       0.34228727184505719       9.52548123683368171E-003
   10.483767038086835        1.1507712871570577       0.28747289633341072       0.22381908064700531       0.22226205188252290       0.36861993702655438       4.85973212675581967E-002  0.68966634272756711       5.86298633570361064E-002  0.12845301752976654       0.12849520010844956       0.36196813698838121       1.21201247439338029E-002
   10.537157707354694        1.3267240147188510       0.32346818767475977       0.26298014695894495       0.25899338477365458       0.41467827317943251       6.66040221320579606E-002  0.76050102580714818       7.59000463838531564E-002  0.14249370358006469       0.14232303025746326       0.38410808752427145       1.56761580614957138E-002
   10.590548376622554       0.93032476641871509       0.24854983111698345       0.20476913437277236       0.19927775324034877       0.22382701517769737       5.39010325109037236E-002  0.81017168772270853       8.91702882136023861E-002  0.15342646470962729       0.15296260287316085       0.39605836166483610       1.85539702614815234E-002
   10.643939045890413        1.0092001270498676       0.28796316135806022       0.20324729284977519       0.20832933917284016       0.24635175057515254       6.33085830940289529E-002  0.86405355793110994       0.10454483412299788       0.16427797370175745       0.16408544571972972       0.40921124650335233       2.19340578832716328E-002
   10.697329715158274        1.0294245784937519       0.31703921944263519       0.21939466717810349       0.22032460513163898       0.20069056849873804       7.19755182426258244E-002  0.91901522513767564       0.12147177023319999       0.17599160181619572       0.17584872384388484       0.41992625027124719       2.57768789731464658E-002
   10.750720384426133        1.2134670866330990       0.41392988757724336       0.23236286315310600       0.24216960536145560       0.23563400727644643       8.93707232648424804E-002  0.98380304502753657       0.14357176396091892       0.18839761059293614       0.18877832115046639       0.43250690762200439       3.05484417012090795E-002
   10.804111053693992        1.0981877134029585       0.36830222167901072       0.25503317563028582       0.24974684329478658       0.11874609910928174       0.10635937368958572        1.0424360220278610       0.16323566606920090       0.20201400252534468       0.20211247226151030       0.43884684132639651       3.62270398454064418E-002
   10.857501722961851        1.2599833249540329       0.48429803562796170       0.25933489840867735       0.25833651254695827       0.15715622177508365       0.10085765659534858        1.1097073750134998       0.18909266231648750       0.21586006631589635       0.21590523156271721       0.44723751718657639       4.16118976318200565E-002
   10.910892392229712        1.4905420714143138       0.60602997784856150       0.29160687525108059       0.29360384698204611       0.13287273447150275       0.16642863686112688        1.1892884137782118       0.22144900843020834       0.23142915254866081       0.23158093745270689       0.45433168140746055       5.04976339391731907E-002
   10.964283061497571        1.6927865858531568       0.61269803242425014       0.32676087858020497       0.32615763543486498       0.16942435329353872       0.25774568612030724        1.2796674225245670       0.25416136644043980       0.24887513454661178       0.24899471189539690       0.46337736102007687       6.42588486220400656E-002
   11.017673730765431        2.4087321669667059        1.1802751997678405       0.39642875517097848       0.39602613586688817       0.15653752831801632       0.27946454784296876        1.4082712450059411       0.31717704927630153       0.27004073110221477       0.27013881233689435       0.47173500442251232       7.91796478680159427E-002
   11.071064400033290        2.5846848945285186        1.3054507075019710       0.38763984984984823       0.38590412611250491       0.19052660095256937       0.31516361011159777        1.5462693013713460       0.38687593624603261       0.29073708212059080       0.29074249190326951       0.48190734716070044       9.60064439407489201E-002
   11.124455069301151        2.2833405680146095       0.96538270623850930       0.40312946390380677       0.40405274831763144       0.15026208190632040       0.36051356764833792        1.6681783824641008       0.43841836503172416       0.31226043400000847       0.31231513855546589       0.48992994027926084       0.11525450459763747     
   11.177845738569010        5.1046515444365355        1.3590115567307219       0.79135972963176027       0.78948577274437115       0.21555041346553644        1.9492440718641684        1.9407191448007808       0.51097690158833320       0.35451165959668057       0.35446631233974119       0.50143832111514974       0.21932595016087331     
   11.231236407836869        3.3046753659308785       0.83939723946990463       0.52865361181935533       0.52244745866730669       0.14105932746934097        1.2731177285048885        2.1171579743008393       0.55579288198522525       0.38273682974258721       0.38236013181528111       0.50896957301521206       0.28729855774252649     
   11.284627077104728        2.2894079034477754       0.62843239578595789       0.34873120465247665       0.35319738465728884       9.50380490528545951E-002  0.86400886929919152        2.2393909944930432       0.58934530818584197       0.40135582215356985       0.40121757656579143       0.51404371806005567       0.33342856952777700     
   11.338017746372589        2.8253558667107681       0.91637865117992434       0.53994898260800883       0.53183527494569316       0.15530595383560178       0.68188700414149339        2.3902386351366047       0.63827137767511666       0.43018405970551132       0.42961261783539811       0.52233560687662173       0.36983497304394708     
   11.391408415640448        3.5048974352253550        1.4000083774008523       0.65156664933073072       0.63958541781410527       0.18260833736882884       0.63112865331073942        2.5773674549184911       0.71301876192515834       0.46497163918589585       0.46376051134645679       0.53208518822263462       0.40353135423833042     
   11.444799084908308        3.1529919801017297       0.53924443226140173       0.95161829008396248       0.96832949712865901       0.20907532492604361       0.48472443570159451        2.7457078069323164       0.74180938306256161       0.51577917658101480       0.51546027126996585       0.54324785974783130       0.42941111627092415     
   11.498189754176167        1.5653725417566857       0.19377738415488663       0.42316769468452392       0.41440295089313950       0.10147924911004572       0.43254526291409662        2.8292840945902364       0.75215528729156611       0.53837238301275880       0.53758552216472655       0.54866590477461652       0.45250499734655009     
   11.551580423444028        1.6078438897888427       2.81142883783114736E-002  0.53572383935469536       0.54601176086691805       8.50496218348792410E-002  0.41294437935404710        2.9151279559443015       0.75365632796407378       0.56697503733865329       0.56673745550553378       0.55320676100535904       0.47455237413066359     
   11.604971092711887        1.1689732934565535       1.76231807022788935E-002  0.34726979866034141       0.34234244154171728       7.32288128626150669E-002  0.38850905968959448        2.9775402224382010       0.75459724137639683       0.58551600430564377       0.58501534757823914       0.55711649633378491       0.49529513284411786     
   11.658361761979746       0.93639210185188071       7.60120218084877567E-003  0.20230965732667378       0.23671693061879648       4.73188554090069949E-002  0.44244545631654486        3.0275348234532107       0.75500307464807270       0.59631745230966626       0.59765382293101021       0.55964288169306087       0.51891759187138176     
   11.711752431247607       0.87369630237583595       1.06456422512860843E-002  0.23384744475980324       0.21309013371149907       4.54449040876902174E-002  0.37066817756554954        3.0741820537739106       0.75557145261265513       0.60880272389197099       0.60903084778424488       0.56206921553711631       0.53870781394790423     
   11.765143100515466       0.77055160001202039       7.03824702161714132E-003  0.25987747485177254       0.25648403061373659       3.84216033907907595E-002  0.20873024413409810        3.1153223194039725       0.75594722933161174       0.62267775620194843       0.62272470183523043       0.56412057065649490       0.54985206137866749     
   11.818533769783325       0.62898043990482255       4.25222677311611497E-003  0.21388300090370038       0.21693603241291262       2.12522704806507104E-002  0.17265690933444067        3.1489040060468838       0.75617425856490716       0.63409711276521519       0.63430706179406993       0.56525524360091839       0.55907032932175349     
   11.871924439051185       0.66336200735942774       1.48934430732555658E-003  0.23719657765426988       0.23411577800266095       1.16623712744310000E-002  0.17889793612073737        3.1843213475866743       0.75625377565424556       0.64676119679422250       0.64680665986779762       0.56587790540851057       0.56862180986187849     
   11.925315108319044       0.33977078425726570       1.02865511927021269E-003  7.23153724227092870E-002  7.10638788618132150E-002  1.07319339756730310E-002  0.18463094387780071        3.2024619371558352       0.75630869623950925       0.65062216292622543       0.65060080792099995       0.56645089054601028       0.57847937952307094     
   11.978705777586903       0.59055398216144028       1.43600404321685897E-003  0.16012397026803199       0.15755324388091069       1.97742119599080696E-002  0.25166655200937138        3.2339920095022343       0.75638536545644797       0.65917128886466247       0.65901268105712407       0.56750664895679426       0.59191602516718589     
   12.032096446854764       0.34583811969043116       2.05803374149820563E-003  8.29811862267339356E-002  8.61872064754905659E-002  1.83627090751591372E-002  0.15624898417155011        3.2524565381708448       0.75649524525528244       0.66360170993394874       0.66361427369317771       0.56848704628388802       0.60025826300452811     
   12.085487116122623       0.61077843360532569       2.89383071459782537E-003  0.15667913998987229       0.15684982745212137       2.85606722988661944E-002  0.26579496314986684        3.2850664075154081       0.75664974881388269       0.67196691407832065       0.67198859095539476       0.57001191969266451       0.61444923397512563     
   12.138877785390482       0.43482570604352450       4.18649322552501566E-003  9.72536420001400698E-002  9.86820471801585636E-002  3.45648186463181836E-002  0.20013870499138370        3.3082820429759416       0.75687326848907888       0.67715935111344494       0.67725729149906588       0.57185735849331365       0.62513477338101830     
   12.192268454658343       0.54808263412928093       5.27718490364235612E-003  0.13758925334347899       0.12535575589521847       4.74022162281582740E-002  0.23245822375878283        3.3375445416261953       0.75715502092293463       0.68450533343351838       0.68395011920289006       0.57438819454251477       0.63754587352431757     
   12.245659123926202       0.54403774384050385       7.09634943365854837E-003  0.12242512085387246       0.13339241339367650       4.34854899117718338E-002  0.23763837024752482        3.3665910808768160       0.75753389976855623       0.69104169257110526       0.69107202942923340       0.57670991395234505       0.65023354515555631     
   12.299049793194062       0.62493554961604547       1.30378806447536359E-002  0.11241770987839834       0.11237566829124353       0.13230417121628277       0.25480011958536564        3.3999568081200944       0.75823000094201409       0.69704374933907298       0.69707184156872593       0.58377372220051194       0.66383749406974968     
   12.352440462461921        1.0031327916167023       1.59588583356083842E-002  0.18596590912749303       0.19084004038418426       0.33973235324421075       0.27063563052519507        3.4535147392290466       0.75908205506930315       0.70697259368839582       0.70726091904794286       0.60191225991216524       0.67828691151121900     
   12.405831131729780        1.0152674624830329       3.15417553520938726E-002  0.16351130695805843       0.16073983793239147       0.34367240818144612       0.31580215405903234        3.5077205485368972       0.76076609049743449       0.71570257179974894       0.71584292657316051       0.62026115979386964       0.69514779987266251     
   12.459221800997641        1.2114446414887106       5.42063479177235519E-002  0.16961199187418338       0.16556820630975400       0.58326251367534954       0.23879558171169585        3.5724003887269418       0.76366020369132814       0.72475826956176637       0.72468272391751731       0.65140193575785066       0.70789725579845786     
   12.512612470265500        2.3743505995120988       0.30924121626402318       0.30182637339445773       0.30136704721791624        1.1348839224921818       0.32703204014350901        3.6991685563114363       0.78017079919287124       0.74087298163998738       0.74077291226376052       0.71199414792104199       0.72535771529375337     
   12.566003139533359        2.8799618856092617       0.80777047624712106       0.18555764039159714       0.18973563894305898        1.4429143954892583       0.25398373453817596        3.8529316488500416       0.82329820553452271       0.75078002824825962       0.75090302501089545       0.78903231319244260       0.73891807686389699     
   12.619393808801220        1.7291905984521485       0.38199354810349806       0.21722892295209947       0.21179089609529303       0.62358374121987281       0.29459349008139546        3.9452542921930926       0.84369309672377280       0.76237802582900849       0.76221068269826286       0.82232586648072736       0.75464662046129727     
   12.672784478069079        1.7514374950404212       0.36558284915555256       0.26348241769160474       0.27039330619759239       0.45577162576779162       0.39620729622789180        4.0387647122341246       0.86321180971303868       0.77644552844987702       0.77664716228170161       0.84665981861377027       0.77580039317571348     
   12.726175147336939        1.4885196262699254       0.30679484197826290       0.20291987247217982       0.19966833107314547       0.35054696470487595       0.42858961604146489        4.1182377712990199       0.87959179165418533       0.78727955624891544       0.78730758810929347       0.86537575566918035       0.79868307961742224     
   12.779565816604798        1.5734623223342394       0.31134215698164597       0.23953860302657370       0.23964283719908158       0.31472922531204328       0.46820949981490106        4.2022459777562053       0.89621455778673442       0.80006868257999231       0.80010227957260116       0.88217935964674532       0.82368109817010959     
   12.832956485872659        1.6058214446444543       0.26184459133740001       0.22873948713510436       0.23085558416339846       0.23847680832526366       0.64590497368329525        4.2879818594104542       0.91019461576240746       0.81228123688612253       0.81242781371530770       0.89491179604809423       0.85816639699849995     
   12.886347155140518        1.7777292819174708       0.24893368891261991       0.23803066736331618       0.23842817204116309       0.23905896990949738       0.81327778369088710        4.3828960155490995       0.92348535201676940       0.82498985352292520       0.82515765339289782       0.90767531444604743       0.90158784217043797     
   12.939737824408377        1.8808739842812807       0.26306342841583769       0.26551659374796471       0.26093883931542816       0.26194627862077197       0.82940884418129290        4.4833171363783828       0.93753048451978871       0.83916596216485140       0.83908935266192697       0.92166080157383568       0.94587053545795907     
   12.993128493676238        1.4864971811255370       0.26134477439038500       0.26533948546113001       0.26609743022981741       0.27050941380766841       0.42320607723654036        4.5626822157434619       0.95148385693414916       0.85333261487681067       0.85329647255235452       0.93610348022028345       0.96846579115984344     
   13.046519162944097        1.3469484661627353       0.25666651788484740       0.24790826557436796       0.24767327624989213       0.28364466201691479       0.31105574443671247        4.6345966958212070       0.96518745410267226       0.86656860309286043       0.86651991453109978       0.95124745855962234       0.98507326553493180     
   13.099909832211956        1.0577388105151899       0.18502685115149531       0.23980793213803966       0.24048158810244241       0.22640344501486789       0.16601899410833554        4.6910700788252031       0.97506616151817527       0.87937210908545183       0.87935938746648690       0.96333529001351514       0.99393713074155265     
   13.153300501479816       0.71999047140230688       0.11367568405539209       0.20643401192956193       0.20741740688184096       0.14817995574730880       4.42834127881991460E-002   4.7295108519598541       0.98113538236937436       0.89039375914202046       0.89043354163771238       0.97124671702294574       0.99630145178777951     
   13.206691170747675       0.59864376273899444       8.24672143151698039E-002  0.19141264542984621       0.18890030800109622       0.11188797188022458       2.39756231126563926E-002   4.7614728431055191       0.98553836213431734       0.90061340838785142       0.90051905550679567       0.97722049072465433       0.99758152635187824     
   13.260081840015536       0.44089304147668995       5.80405886615684014E-002  0.14586621064172819       0.14508486654722474       7.82396860184277343E-002  1.36616896077419916E-002   4.7850124176655013       0.98863718800765898       0.90840130299757993       0.90826523363239009       0.98139775992448541       0.99831093310336538     
   13.313472509283395       0.52988062782978407       5.88358522046789970E-002  0.18415300373358354       0.18575173586733285       9.24332636480049291E-002  8.70677237618416866E-003   4.8133030990174070       0.99177847353381166       0.91823335511460258       0.91818264312801368       0.98633283373326497       0.99877579350769274     
   13.366863178551254       0.35595034541237358       2.98352926438932055E-002  0.13704039350415151       0.13831550386608316       4.40797780445389698E-002  6.67937735370746459E-003   4.8323075261850992       0.99337139977587152       0.92555003344052011       0.92556740044954511       0.98868628258424163       0.99913240993489982     
   13.420253847819115       0.39639924830014328       2.74268516054992709E-002  0.15698417530651976       0.15438262450462420       5.35989167967663160E-002  4.00668008673448969E-003   4.8534715473491206       0.99483573773899936       0.93393152362459819       0.93380999209517568       0.99154796462405326       0.99934632926627276     
   13.473644517086974       0.27303009449244570       2.45150073865743334E-002  0.10787284093038484       0.10993853454763934       2.75947437924165713E-002  3.10896783543112513E-003   4.8680488068243388       0.99614461039047508       0.93969092679769683       0.93967968403300184       0.99302126646340549       0.99951231913973870     
   13.527035186354833       0.25280564304856085       1.39958918856287542E-002  0.10609790673791165       0.10579976829304839       2.53688737884643911E-002  1.54320234350812302E-003   4.8815462693013929       0.99689186042524935       0.94535556504635287       0.94532840447055222       0.99437572761354343       0.99959471174567438     
   13.580425855622693       0.32156877795776934       1.70826786117182251E-002  0.13640362776111897       0.13592488635138172       2.98966017087117474E-002  2.26098352483934586E-003   4.8987150415722063       0.99780391606921670       0.95263824602308300       0.95258552512301020       0.99597192718760619       0.99971542716926920     
   13.633816524890552       0.22853630131589900       1.21597242547681443E-002  9.77357052240062918E-002  0.10054828135915221       1.71427190335618380E-002  9.49871444410928549E-004   4.9109167476514637       0.99845313188529139       0.95785642073635890       0.95795386515850844       0.99688718842987889       0.99976614144140474     
   13.687207194158411       0.30741166194704994       1.19951659499521832E-002  0.13597721219469006       0.13583163684026917       2.23797533879722052E-002  1.22789357416702174E-003   4.9273296620235616       0.99909356182333842       0.96511633510061112       0.96520600715715932       0.99808205844131237       0.99983169950111928     
   13.740597863426272       0.18404250813935233       7.80280485303957994E-003  8.34108488751486299E-002  8.32275950351262228E-002  8.95483962902416351E-003  6.46419747014059408E-004   4.9371558147068573       0.99951015879660865       0.96956969614625566       0.96964958415763913       0.99856016332229236       0.99986621228404027     
   13.793988532694131       0.25685053333733782       4.49550488057902462E-003  0.12044365422276593       0.11908948807763589       1.19360998113616622E-002  8.85786344995840224E-004   4.9508692365835447       0.99975017681087974       0.97600026345427582       0.97600785162887094       0.99919743967966890       0.99991350500982790     
   13.847379201961992       0.14763849554035960       2.07229287592810164E-003  6.86470819836101226E-002  7.18428884062045914E-002  4.74510492471819697E-003  3.31127349898760589E-004   4.9587517546701445       0.99986081791444459       0.97966537710466639       0.97984359152301437       0.99945078400734577       0.99993118412065185     
   13.900769871229851       0.19010984357251778       1.33801322951742296E-003  9.16805995369682769E-002  9.13098990141799904E-002  5.29281507995640714E-003  4.88516711896014723E-004   4.9689018464528889       0.99993225533625774       0.98456026567282373       0.98471868814216212       0.99973337094677561       0.99995726635484850     
   13.954160540497710       0.10718959265258990       5.51577160724436074E-004  5.54488888876580877E-002  4.89472680174312530E-002  1.91039600417051156E-003  3.31462582605711916E-004   4.9746247705431603       0.99996170441002163       0.98752071896069493       0.98733201554044603       0.99983536826800490       0.99997496336397107     
   14.007551209765570       0.15168338582913657       4.89962449485577592E-004  7.38268407743220556E-002  7.53622599753042133E-002  1.80234795598341302E-003  2.01974674041501218E-004   4.9827232480293926       0.99998786383311578       0.99146238339956771       0.99135565703806594       0.99993159683162847       0.99998574692699327     
   14.060941879033429       9.50549217862589890E-002  9.44538506214192067E-005  4.68218376514151144E-002  4.71579732743434357E-002  8.32904865768286469E-004  1.47752144110830627E-004   4.9877982939207648       0.99999290678741537       0.99396223264812789       0.99387345279249895       0.99997606617984824       0.99999363551285314     
   14.114332548301288       0.16381805669546748       1.32825825973793176E-004  8.09450181064858415E-002  8.21728480887171653E-002  4.48273267977115388E-004  1.19091406313834048E-004   4.9965446496058963       0.99999999844716014       0.99828394133873222       0.99826071614760170       0.99999999978964038       0.99999999388274030     
   14.167723217569149       6.47182446204317141E-002  2.90844818259177348E-008  3.21415461690152740E-002  3.25765508514686969E-002  3.94000567553263875E-009  1.14575460217103074E-007   5.0000000000000222       1.00000000000000000       0.99999999999999978       1.00000000000000000       0.99999999999999989        1.0000000000000009     
   14.221113886837008        0.0000000000000000        0.0000000000000000        0.0000000000000000        0.0000000000000000        0.0000000000000000        0.0000000000000000        5.0000000000000222       1.00000000000000000       0.99999999999999978       1.00000000000000000       0.99999999999999989        1.0000000000000009     
   14.274504556104867        0.0000000000000000        0.0000000000000000        0.0000000000000000        0.0000000000000000        0.0000000000000000        0.0000000000000000        5.0000000000000222       1.00000000000000000       0.99999999999999978       1.00000000000000000       0.99999999999999989        1.0000000000000009     
   14.327895225372728        0.0000000000000000        0.0000000000000000        0.0000000000000000        0.0000000000000000        0.0000000000000000        0.0000000000000000        5.0000000000000222       1.00000000000000000       0.99999999999999978       1.00000000000000000       0.99999999999999989        1.0000000000000009     
   14.381285894640587        0.0000000000000000        0.0000000000000000        0.0000000000000000        0.0000000000000000        0.0000000000000000        0.0000000000000000        5.0000000000000222       1.00000000000000000       0.99999999999999978       1.00000000000000000       0.99999999999999989        1.0000000000000009     
   14.434676563908447        0.0000000000000000        0.0000000000000000        0.0000000000000000        0.0000000000000000        0.0000000000000000        0.0000000000000000        5.0000000000000222       1.00000000000000000       0.99999999999999978       1.00000000000000000       0.99999999999999989        1.0000000000000009     
   14.488067233176306        0.0000000000000000        0.0000000000000000        0.0000000000000000        0.0000000000000000        0.0000000000000000        0.0000000000000000        5.0000000000000222       1.00000000000000000       0.99999999999999978       1.00000000000000000       0.99999999999999989        1.0000000000000009     
   14.541457902444165        0.0000000000000000        0.0000000000000000        0.0000000000000000        0.0000000000000000        0.0000000000000000        0.0000000000000000        5.0000000000000222       1.00000000000000000       0.99999999999999978       1.00000000000000000       0.99999999999999989        1.0000000000000009     
   14.594848571712026        0.0000000000000000        0.0000000000000000        0.0000000000000000        0.0000000000000000        0.0000000000000000        0.0000000000000000        5.0000000000000222       1.00000000000000000       0.99999999999999978       1.00000000000000000       0.99999999999999989        1.0000000000000009     
